0.0 0.0 0.0 0.0 0.0 1.0
20.670687287875495 0.059190671389725655 0.07295284149624898 0.0015190770567242882 0.0006540284216664254 0.8656833816356349
41.34137457575099 0.10979879144985573 0.13521010879688675 0.002222492231517261 0.0009570370936585378 0.751811570428082
62.012061863626485 0.15321390813134708 0.18856184436417792 0.002097035224586138 0.0009569556305429783 0.6551702566493461
82.68274915150198 0.1903223749258779 0.23415708670950233 0.0015828958254515144 0.0008709332078440037 0.5730667093313246
103.35343643937748 0.22175272100566662 0.2727654204412613 0.0012658437325714336 0.0009248512675536346 0.5032911635529476
124.02412372725297 0.2481419146878377 0.3051042035731964 0.0015145580225013906 0.001204667156616498 0.44403465655984864
144.69481101512847 0.270270905494477 0.332043733065333 0.002288228507611431 0.0016162965560607315 0.3937808363765182
165.36549830300396 0.2890133731499024 0.354597005642679 0.0032113395906215743 0.00196920903339657 0.351209072583401
186.03618559087946 0.30516231637889385 0.373741340195739 0.0038403849965529856 0.0021160687570498924 0.31513988967176465
206.70687287875495 0.31926679813357434 0.39021409193962886 0.003940257247426263 0.002050533949030781 0.28452831873034
227.37756016663045 0.331589130098922 0.40442128740323485 0.003603287362150877 0.0019021207629053689 0.258484174372787
248.04824745450594 0.3422042964794738 0.4165102481868497 0.003157953278939023 0.0018403952822852111 0.2362871067724523
268.7189347423814 0.35117081871281425 0.42654919242959544 0.002946801920556849 0.001959457188816782 0.2173737297482167
289.3896220302569 0.3586638806709646 0.43469711456963367 0.0031221517887854563 0.002220787572310274 0.20129606539830602
310.06030931813245 0.3649956818232985 0.44126659398606827 0.0035796993261750358 0.002487935972003776 0.18767008889245446
330.7309966060079 0.3705257174990796 0.4466589848422094 0.004053049191794715 0.0026236465720352767 0.17613860189488112
351.4016838938834 0.37553182069919777 0.4512314960089011 0.004293073265238182 0.002581276783393479 0.1663623332432695
372.07237118175885 0.38012967532946895 0.45518943648820176 0.004214623487448057 0.0024309786590343686 0.158035286035847
392.74305846963443 0.3842888157498832 0.4585693461185802 0.003927199815624805 0.002307801626703658 0.15090683668920826
413.4137457575099 0.38792746614650514 0.46131433923875415 0.00364591133918691 0.0023205014291782034 0.14479178184637573
434.08443304538537 0.3910206486805702 0.46338586288545563 0.003550970453861629 0.002482690046166533 0.13955982793394608
454.75512033326083 0.3936539654200196 0.4648404030728018 0.0036859514091190718 0.0027094359566883553 0.1351102441413711
475.4258076211364 0.39599596014351085 0.4658299313239829 0.003950315767970308 0.002877448234046014 0.13134634453048985
496.0964949090119 0.3982153990717007 0.46653672998517187 0.004178324085671461 0.002906297815305155 0.1281632490421506
516.7671821968873 0.4004014939592689 0.46709206207401976 0.004246041145186461 0.0028074531613233073 0.1254529496602015
537.4378694847628 0.40253741160546097 0.4675316726675319 0.0041391474848620135 0.0026719073256880983 0.12311986091645692
558.1085567726383 0.404539082058286 0.46781156847828537 0.00394660313854119 0.0026081176753255772 0.12109462864956176
578.7792440605139 0.40632928844812677 0.46786727396661126 0.003794042882184888 0.002672686511959397 0.11933670819111754
599.4499313483893 0.40789786193560973 0.46767498110796646 0.0037647206309819625 0.0028379766401113483 0.11782445968533042
620.1206186362648 0.40931218789062285 0.4672770541240334 0.00385661253924148 0.0030146302587678027 0.11653951518733423
640.7913059241404 0.4106766025823281 0.46676109667981147 0.003996005682699657 0.0031112595657365417 0.1154550354894242
661.4619932120158 0.4120711585453961 0.46621183701535635 0.004091461371695925 0.0030915070444807666 0.11453403602307062
682.1326804998913 0.41351006523201095 0.46566941482410745 0.004090354702906841 0.0029930715280009072 0.11373709371297382
702.8033677877668 0.41494393493604664 0.4651193566022846 0.004004125043249287 0.0028994783455306 0.11303310507288868
723.4740550756422 0.4163003895369377 0.46451659206734436 0.003891916373963938 0.0028854039326344596 0.11240569808911956
744.1447423635178 0.4175342857489171 0.46382437329490633 0.003818539561337755 0.0029712722867056185 0.11185152910813315
764.8154296513933 0.41865562524955185 0.46304209092304294 0.0038155605845984174 0.0031145026741568973 0.11137222056864976
785.4861169392688 0.41972012721305546 0.4622061824871444 0.0038680855637127707 0.0032401346750163705 0.11096547006107106
806.1568042271443 0.420791997584014 0.46136710673380005 0.0039310576318827535 0.0032890850490711063 0.11062075300123228
826.8274915150198 0.4219046799747165 0.4605599274712436 0.003960725231278402 0.0032530916400648736 0.11032157568269688
847.4981788028953 0.42304408877974253 0.45978782986634037 0.003940176360063183 0.003175945379637035 0.11005195961421696
868.1688660907707 0.4241625355695398 0.4590273503181475 0.0038847558369796377 0.0031228548714302457 0.10980250340390293
888.8395533786462 0.4252118111948696 0.45824936009095213 0.0038274919656965814 0.0031391381075914554 0.10957219864089042
909.5102406665218 0.42617320699289557 0.45744066455211146 0.0037965771676060746 0.003224266438042554 0.1093652848493446
930.1809279543972 0.42706632979078357 0.4566125504785583 0.00379967732737899 0.003335826793259943 0.10918561561001962
950.8516152422727 0.4279334061060383 0.45579251644057334 0.003823231962012697 0.0034185650014205145 0.10903228048995559
971.5223025301483 0.42881116645976525 0.4550065021988385 0.003844490111981093 0.003438825399893952 0.10889901582952141
992.1929898180238 0.42970882399274035 0.45426406261671304 0.003846757546709978 0.003403070442072144 0.10877728540176479
1012.8636771058992 0.4306050668601069 0.4535555771602072 0.003828100132461063 0.0033506155226178404 0.10866064032460715
1033.5343643937747 0.4314640211151881 0.4528618678239474 0.0037994940772505567 0.003327166699581053 0.10854745028403312
1054.2050516816503 0.43225851403272886 0.45216866218712704 0.0037755811099211742 0.003356786059350186 0.10844045661087315
1074.8757389695259 0.4329856732733316 0.4514761238897929 0.0037651144472272344 0.00342931980020119 0.1083437685894473
1095.5464262574012 0.4336661052683321 0.45079793044787747 0.003767011352050041 0.003509494912744193 0.10825945801899636
1116.2171135452768 0.434328830617397 0.45015166985134064 0.0037732983651946566 0.003560284355144482 0.10818591681092342
1136.8878008331524 0.4349926358382516 0.44954767663238093 0.0037756703548572166 0.0035652224260492344 0.10811879474846117
1157.5584881210277 0.435655593260659 0.4489836456125337 0.003770757473455056 0.0035363774334107663 0.10805362621994179
1178.2291754089033 0.4362983013950366 0.44844787045830314 0.0037610104167664104 0.003504521448103629 0.10798829628179046
1198.8998626967789 0.43689745281063114 0.4479281260603459 0.003751581899589863 0.003499034511833566 0.10792380471759985
1219.5705499846542 0.4374403941944997 0.4474199080583194 0.0037461460284728496 0.0035305238567589384 0.1078630278619494
1240.2412372725298 0.4379317154041583 0.44692880274952007 0.0037447260524129593 0.0035862853858858765 0.10780847040802297
1260.9119245604054 0.4383886989700548 0.446466055164806 0.0037446296229124393 0.003640089417986047 0.10776052682424082
1281.5826118482807 0.43882957316364724 0.4460408583221814 0.0037432069581428322 0.0036690744085438047 0.10771728714748507
1302.2532991361563 0.4392624682289014 0.44565464188895754 0.0037400572847704895 0.0036669932402174864 0.10767583935715318
1322.9239864240317 0.439681704607957 0.4453008436688969 0.003737080095950672 0.003646286961727124 0.10763408466546849
1343.5946737119073 0.4400728778181402 0.4449697995075083 0.003736597685184961 0.0036288602147736713 0.10759186477439298
1364.2653609997828 0.4404227072273679 0.44465514255763217 0.0037392214977767656 0.0036321677730366425 0.10755076094418671
1384.9360482876582 0.4407271630073719 0.4443574727866074 0.003743193029955729 0.0036593426982001248 0.1075128284778649
1405.6067355755338 0.440993136098178 0.4440831939233381 0.003745688665936045 0.003698808373926028 0.10747917293862193
1426.2774228634091 0.44123334748897214 0.44383969487628344 0.0037450469550295976 0.003732630769370313 0.10744927991034467
1446.9481101512847 0.4414583212307728 0.4436302805584722 0.003742194019600538 0.0037477624222590302 0.10742144176889555
1467.6187974391603 0.4416705996048739 0.4434521132764098 0.0037401607969533156 0.0037432267574820433 0.10739389956428105
1488.2894847270356 0.4418644454311227 0.4432982196852356 0.003742002005813589 0.003729425359745786 0.1073659075180827
1508.9601720149112 0.44203059443287296 0.4431619390899872 0.003748595764616248 0.003720813575816708 0.10733805713670717
1529.6308593027868 0.44216261683496644 0.4430407789227911 0.0037578990416228843 0.00372697454966408 0.10731173065095603
1550.3015465906622 0.44226086450110597 0.44293728187060777 0.0037662150496740763 0.003747524642295897 0.10728811393631658
1570.9722338785377 0.4423318965517611 0.4428566087691476 0.003770629332280867 0.0037734326115879003 0.1072674327352231
1591.6429211664133 0.44238424775699825 0.4428026446797672 0.0037709656262735446 0.003793272342578978 0.10724886959438241
1612.3136084542887 0.44242351168162314 0.4427752139792696 0.0037699399817898954 0.0038001880921494117 0.10723114626516851
1632.9842957421642 0.4424497796491702 0.4427700702699675 0.0037714070360516756 0.0037954026121815193 0.10721334043262955
1653.6549830300396 0.44245870119941194 0.4427814373263656 0.0037778610217599623 0.0037865991225150297 0.10719540132994805
1674.3256703179152 0.4424450998773865 0.4428052920133967 0.0037888306954314914 0.00378270723276516 0.10717807018102084
1694.9963576057908 0.44240666380382687 0.4428412680170864 0.0038011974965252333 0.003788557699142888 0.10716231298341929
1715.6670448936661 0.44234547992358997 0.44289210442445226 0.003811199459745298 0.0038025483712445175 0.10714866782096868
1736.3377321815417 0.44226674624176493 0.4429611917057494 0.003816803759332964 0.0038183351857333132 0.10713692310742011
1757.008419469417 0.4421757758920435 0.44304990960974977 0.003818930249644012 0.0038290884363174587 0.10712629581224602
1777.6791067572926 0.442075300703438 0.44315643625719003 0.003820785239333861 0.00383152772678379 0.10711595007325496
1798.3497940451682 0.4419646573189906 0.4432766466716756 0.003825785789878449 0.0038274104957567376 0.10710549972369919
1819.0204813330436 0.4418411120472576 0.4434063655310993 0.0038354254904840474 0.00382191402728975 0.10709518290386984
1839.6911686209191 0.44170226208603075 0.44354346100051717 0.0038484162798295206 0.00382022914632529 0.10708563148729786
1860.3618559087947 0.441547934992399 0.4436884964660693 0.003861587157172261 0.003824563584040378 0.10707741780031972
1881.03254319667 0.44138050729774997 0.44384366240711576 0.003871904930585968 0.0038332434023813466 0.10707068196216778
1901.7032304845457 0.4412036498910088 0.44401079910288094 0.003878315611361327 0.0038421717449446443 0.10706506364980478
1922.3739177724212 0.4410204532362189 0.44418981116749845 0.003882280586050595 0.003847503693234533 0.10705995131699796
1943.0446050602966 0.4408321371126772 0.44437841780476167 0.0038867455168157114 0.0038478359210308696 0.1070548636447152
1963.7152923481722 0.4406380434004436 0.44457327534283436 0.0038942586475203224 0.0038447085839703322 0.10704971402523186
1984.3859796360475 0.44043674835651364 0.44477166061318624 0.0039054371940908028 0.003841348228825155 0.10704480560738477
2005.056666923923 0.44022747858793215 0.4449726320180603 0.003918697657208828 0.0038406056425259964 0.10704058609427328
2025.7273542117987 0.44001093917662476 0.4451770040505198 0.003931338438442628 0.0038433811036488823 0.10703733723076445
2046.398041499674 0.4397891339484387 0.4453862592546245 0.003941232947690743 0.0038483767004295413 0.1070349971488169
2067.0687287875494 0.4395644204481502 0.44560116103509523 0.0039480669339201045 0.0038531393126843634 0.10703321227015059
2087.7394160754247 0.43933847069461096 0.4458209432706466 0.003953400252501544 0.0038556214816636842 0.10703156430057768
2108.4101033633005 0.43911177495392284 0.44604351846802875 0.003959594594044329 0.0038552967010535275 0.10702981528295105
2129.080790651176 0.438883912050136 0.4462664830951668 0.0039683323906398015 0.003853254386713525 0.10702801807734434
2149.7514779390513 0.4386543168856553 0.44648823319000835 0.003979648704077497 0.0038513636076281683 0.10702643761263124
2170.4221652269266 0.4384230131578545 0.44670850145537006 0.003992022170314284 0.003851113134236456 0.10702535008222515
2191.0928525148024 0.43819087416429564 0.4469280447606737 0.004003393023861593 0.003852832476220022 0.10702485557494953
2211.7635398026778 0.43795932105209756 0.44714775369147614 0.0040124278971451904 0.0038556795690329352 0.10702481779024878
2232.434227090553 0.43772972080319583 0.4473677804746702 0.004019254137870015 0.0038582894937643033 0.10702495509050015
2253.104914378429 0.43750289076052634 0.44758721224119774 0.004025264732553373 0.0038596203915814936 0.10702501187414143
2273.7756016663043 0.43727899374740203 0.4478044342357848 0.00403218331657343 0.003859491471716092 0.10702489722852417
2294.4462889541796 0.43705782989779807 0.44801789526279695 0.004041006889454881 0.003858558588756187 0.10702470936119432
2315.1169762420554 0.436839289498137 0.44822677282705964 0.004051467266700048 0.003857827890587925 0.10702464251751577
2335.787663529931 0.4366236677167531 0.44843114641452736 0.004062289906017509 0.003858050668603751 0.10702484529409878
2356.458350817806 0.4364116704014246 0.44863162401665124 0.004072029688935957 0.00385935403188414 0.10702532186110461
2377.129038105682 0.43620415411487895 0.44882870258460206 0.004079937756697377 0.003861273606484435 0.10702593193733766
2397.7997253935573 0.4360017997699865 0.4490222748475839 0.004086341435125567 0.0038631046580946257 0.10702647928920991
2418.4704126814327 0.43580493001369647 0.4492115641699955 0.004092353661003757 0.0038643265552572984 0.10702682560004759
2439.1410999693085 0.4356135604198131 0.44939548209590496 0.004099142903975539 0.003864856867334636 0.10702695771297242
2459.811787257184 0.43542761678038305 0.4495731494215385 0.004107235189845758 0.0038650263732451476 0.10702697223498814
2480.482474545059 0.4352471584274976 0.44974425053992445 0.0041162587101574765 0.003865336711772435 0.1070269956106486
2501.153161832935 0.4350724683003451 0.4499090259702193 0.004125242088752601 0.00386616853099423 0.10702709510968907
2521.8238491208103 0.434903974830422 0.4500679460038406 0.004133239385448109 0.0038676040090006372 0.10702723577128923
2542.4945364086857 0.434742081244251 0.4502212950771712 0.004139882524090619 0.003869436648479823 0.10702730450600781
2563.165223696561 0.43458702443588115 0.4503689251226026 0.0041455419362365345 0.0038713290313782864 0.1070271794739019
2583.835910984437 0.43443884822811063 0.45051030673220577 0.004151037637292455 0.0038730096593206586 0.10702679774307111
2604.506598272312 0.43429749041325066 0.4506448145034369 0.004157113713893694 0.0038744009695839544 0.10702618039983539
2625.1772855601876 0.43416291055850054 0.4507720498521554 0.004164008237485952 0.0038756267912588038 0.10702540456059977
2645.8479728480634 0.4340351704038526 0.45089200408173885 0.004171362240122673 0.0038769181897587057 0.10702454508452769
2666.5186601359387 0.43391442232454136 0.4510049820639792 0.004178488018910301 0.00387848297466125 0.1070236246179083
2687.189347423814 0.43380082747275966 0.45111135881116704 0.004184803760494272 0.0038804087032372936 0.10702260125234217
2707.86003471169 0.4336944680434342 0.4512113326821708 0.004190162993487537 0.0038826392489087324 0.10702139703199921
2728.5307219995652 0.4335953130109549 0.45130482218289836 0.004194896367577572 0.003885022975160603 0.10701994546340919
2749.2014092874406 0.4335032533293731 0.4513915507520744 0.004199570465250702 0.003887398298119877 0.10701822715518251
2769.8720965753164 0.4334181743046507 0.4514712467483716 0.004204633728118097 0.0038896718113228977 0.10701627340753722
2790.5427838631917 0.43334001205910777 0.45154382585567127 0.004210168062811343 0.003891854766401486 0.10701413925600857
2811.213471151067 0.4332687580688708 0.45160944930468655 0.0042158801372318075 0.0038940467436215003 0.10701186574558985
2831.8841584389424 0.4332044148880097 0.45166843776965104 0.004221312368707231 0.0038963795459233037 0.10700945542770923
2852.5548457268183 0.4331469389568157 0.4517211090334521 0.004226127294820972 0.003898950405632069 0.10700687430927946
2873.2255330146936 0.4330962115188949 0.4517676445139991 0.0042302918886471036 0.0039017761364222698 0.10700407594203713
2893.896220302569 0.4330520556390791 0.45180805971164323 0.004234065391835879 0.0039047887393815392 0.10700103051806063
2914.5669075904448 0.43301428434670397 0.45184228290291084 0.004237818889635007 0.003907873038306957 0.10699774082244375
2935.23759487832 0.4329827449072703 0.4518702815242511 0.0042418099475513005 0.003910926621374645 0.1069942369995529
2955.9082821661955 0.4329573296485777 0.4518921552215641 0.004246047823173125 0.003913911488012347 0.10699055581867324
2976.5789694540713 0.43293794855146767 0.4519081443068958 0.00425031751538124 0.003916870837816913 0.10698671878843893
2997.2496567419466 0.43292448511968723 0.45191855916649726 0.004254330764398656 0.003919902535867742 0.10698272241354971
3017.920344029822 0.4329167668636815 0.45192368199201804 0.0042579025273323445 0.003923103655839288 0.10697854496112952
3038.591031317698 0.43291457001772976 0.45192370210498534 0.004261047891836743 0.003926516387262625 0.10697416359818608
3059.261718605573 0.4329176539903549 0.4519187181206023 0.004263952688384194 0.003930104900330849 0.10696957030032833
3079.9324058934485 0.4329258014567832 0.45190879644801724 0.004266849258998136 0.003933775751511233 0.1069647770846906
3100.6030931813243 0.4329388376361233 0.451894043761456 0.004269879911740106 0.003937429928747825 0.10695980876193337
3121.2737804691997 0.4329566174284677 0.4518746485067027 0.004273028141214972 0.0039410167916492924 0.106954689131966
3141.944467757075 0.43297899086479996 0.4518508709682948 0.004276149058107587 0.003944559362306395 0.1069494297464918
3162.615155044951 0.43300577093948156 0.45182299449746255 0.004279069795203784 0.003948137108653868 0.1069440276591987
3183.285842332826 0.4330367250281296 0.45179127163893346 0.0042816939682874195 0.003951837027634096 0.10693847233701602
3203.9565296207015 0.43307159463936673 0.451755897173503 0.004284049887924433 0.003955701936687191 0.10693275636251917
3224.627216908577 0.4331101297112123 0.4517170197374012 0.004286261738082239 0.003959705836541353 0.10692688297676346
3245.2979041964527 0.433152115020818 0.45167477926807703 0.0042884696751484775 0.003963769706361146 0.10692086632959588
3265.968591484328 0.43319737258807 0.45162934427479023 0.004290750648735857 0.003967807246917044 0.1069147252414875
3286.6392787722034 0.4332457401640629 0.45158092683672063 0.0042930849553995485 0.003971772949640492 0.10690847509417709
3307.309966060079 0.43329704109470835 0.45152976965413805 0.0042953817720026806 0.0039756845044418955 0.10690212297470957
3327.9806533479546 0.433351065384161 0.45147611671714233 0.004297541771695812 0.003979607581578914 0.10689566854542255
3348.65134063583 0.4334075735354588 0.4514201870379173 0.0042995166041415595 0.003983613505089933 0.10688910931739311
3369.3220279237057 0.43346631966140414 0.45136216606399726 0.004301331999259923 0.003987735753820489 0.10688244652151875
3389.992715211581 0.4335270785050193 0.45130221672898857 0.00430306614018041 0.003991950684599009 0.10687568794121338
3410.6634024994564 0.43358965949866535 0.4512405002915261 0.004304801276525633 0.003996192526688358 0.1068688464065952
3431.3340897873322 0.43365390015981425 0.45117719297019176 0.004306579324342628 0.004000392078898649 0.1068619354667532
3452.0047770752076 0.4337196444891623 0.45111248920600433 0.004308385819592394 0.004004515233826587 0.10685496525141501
3472.675464363083 0.4337867209324467 0.45104659175960493 0.004310167463911744 0.004008578851514715 0.10684794099252257
3493.3461516509583 0.4338549337482226 0.4509796965490358 0.004311868968642701 0.004012636024316727 0.10684086470978267
3514.016838938834 0.43392407236919095 0.450911981844852 0.0043134660526898 0.004016741167137575 0.1068337385661302
3534.6875262267095 0.4339939318919114 0.4508436071746012 0.0043149767416904945 0.004020916597338697 0.10682656759445867
3555.358213514585 0.43406433148016005 0.4507747206149509 0.004316447672346608 0.004025140012329107 0.10681936022021378
3576.0289008024606 0.4341351196965897 0.4507054684982061 0.004317926383635819 0.004029358842250093 0.10681212657931892
3596.699588090336 0.4342061645845313 0.45063600128745246 0.004319436822282388 0.0040335213219212275 0.10680487598381307
3617.3702753782113 0.43427733581276395 0.4505664728733739 0.004320971096331073 0.004037605005474966 0.10679761521205658
3638.040962666087 0.43434849047341245 0.4504970349921074 0.004322499741227987 0.004041626249001547 0.1067903485442511
3658.7116499539625 0.43441947098739303 0.4504278310063627 0.004323992295841118 0.0040456264606389385 0.10678307924976493
3679.382337241838 0.4344901155224227 0.4503589927696456 0.004325435521966073 0.00404964480805437 0.10677581137791181
3700.0530245297136 0.43456027367336303 0.45029064163951776 0.004326839696108808 0.004053694303335794 0.10676855068767523
3720.723711817589 0.43462981753641167 0.45022289198118604 0.004328231253205024 0.004057754964716307 0.10676130426448144
3741.3943991054643 0.4346986419039019 0.4501558544059475 0.0043296376719022395 0.004061786757410631 0.10675407926083824
3762.06508639334 0.43476665439203666 0.4500896368400886 0.004331073818124394 0.004065753266914021 0.10674688168283687
3782.7357736812155 0.43483376232922905 0.45002434336448666 0.004332536854312099 0.004069641473218792 0.10673971597875394
3803.406460969091 0.43489986460013397 0.4499600721997714 0.004334011224554673 0.004073466409920533 0.10673258556561983
3824.0771482569667 0.4349648529380682 0.44989691439477203 0.004335479656754003 0.004077259197577555 0.10672549381282871
3844.747835544842 0.43502862106866297 0.4498349538699268 0.004336933524018048 0.004081046757236507 0.10671844478015617
3865.4185228327174 0.4350910755140424 0.44977426833527934 0.004338377192842811 0.004084835690636247 0.10671144326719957
3886.0892101205927 0.435152141409212 0.44971493009137836 0.004339824897700725 0.00408860936168854 0.10670449424002082
3906.7598974084685 0.435211760266513 0.4496570060778103 0.004341292785590693 0.004092338773133825 0.10669760209695277
3927.430584696344 0.43526988172279446 0.4496005573288529 0.004342790919094769 0.004095999751135749 0.10669077027812254
3948.1012719842192 0.4353264547175861 0.4495456385398774 0.004344319399751311 0.0040995859120625715 0.1066840014307231
3968.771959272095 0.43538142337896163 0.4494922983327018 0.004345870094277675 0.004103110246360533 0.10667729794769885
3989.4426465599704 0.43543472957879165 0.44944058017991007 0.0043474323759233316 0.004106595392612092 0.10667066247276319
4010.1133338478458 0.4354863199473946 0.44939052334459056 0.004348999435281508 0.004110059237006996 0.10666409803572671
4030.7840211357216 0.43553615267460444 0.44934216310529046 0.00435057184101709 0.004113504610406318 0.10665760776868205
4051.454708423597 0.43558420000810505 0.4492955300462781 0.004352156833381265 0.00411691867149542 0.10665119444074053
4072.1253957114723 0.4356304453082819 0.4492506489108088 0.0043537641769584405 0.004120281457604852 0.10664486014634661
4092.796082999348 0.43567487685723627 0.44920753790230755 0.00435540106582908 0.004123577828015858 0.10663860634661158
4113.466770287224 0.43571748232939544 0.449166209075788 0.004357068807826109 0.004126805579439457 0.1066324342075513
4134.137457575099 0.4357582470635236 0.4491266697376489 0.004358762846021665 0.0041299753702387304 0.10662634498256736
